01000010000000000000000000000000
00110000100000000000100000000011
01000010000000000100000000000010
00110000100000000000101000000100
01000000100000000000010000001000
00110000100000000000110000000101
01000000100000000000001000000001
00110000100000000000111000000110
00110110100000000000010000001001
00000000001000000000000000000000
00110100000000000000000000000111
00011100111111111100000010000001
00111111111000010000001110001010
00011100000001000000000000000000
00111111111000100000001110001011
00011000001000100100001110001101
00111111111000110000001110001100
00011000001000100100010100001110
00111111101111110000011010010001
00011000001000100100010110001111
00111111101111100000011010010010
00011000001000100100011000010000
00111111101111010000011010010011
00001000001001000100011010001101
00111111101111110000011100010100
00001000001001001000011010001101
00111111101111100000011100010101
00001000001001001100011010001101
00111111101111010000011100010110
00001000001001010000011100001110
00111111101111110000011110010111
00001000001001010100011100001110
00111111101111100000011110011000
00001000001001011000011100001110
00111111101111010000011110011001
00001000001001011100011110001111
00111111101111110000100000011010
00001000001001100000011110001111
00111111101111100000100000011011
00001000001001100100011110001111
00111111101111010000100000011100
00001000001001101000100000010000
01000000100000000000000000011101
00001000001001101100100000010000
00001000001001110000100000010000
11000011101000110100000110011101
11000011101000111000001000011101
11000011101000111100001010011101
11000011101001000000001100011101
00100100000000000000000100011101
00011100000001000000000100000010
00100001011111111110101110000001
00000000000000000000000000000000
